pop	bio1	bio2	bio3	bio4	bio7	bio12	bio15	elev	year
1	28.0541667938232	11.6416664123535	0.609511260986328	1.78076354980469	19.1000022888184	1515	114.021141052246	30	2005.60327148438
2	27.533332824707	10.9499998092651	0.573298416137695	2.13811004638672	19.1000003814697	1454	110.355476379395	14	2003.5
3	27.904167175293	11.9583330154419	0.597916641235352	1.9902555847168	20	1364	107.339500427246	35	2000.35717773438
4	27.4874992370605	12.7416667938232	0.587173614501953	2.33044342041016	21.6999988555908	1286	108.328155517578	118	2000.98388671875
5	27.404167175293	13.1916666030884	0.586296272277832	2.66709381103516	22.5	1031	113.762619018555	146	2001.5
6	27.3333339691162	13.6333332061768	0.580141868591309	2.92087554931641	23.5	1017	113.86750793457	107	2001.5
7	27.0666656494141	13.4499998092651	0.579741401672363	3.05624053955078	23.1999988555908	910	117.434494018555	143	2001.546875
8	27.0375003814697	13.6500000953674	0.573529376983643	3.18918258666992	23.8000011444092	824.5	115.691341400146	166	2007.5
9	27.9500007629395	12.8500003814697	0.566079330444336	3.23384094238281	22.6999988555908	824	119.906394958496	46	2007.5
10	27.8333339691162	14.0999994277954	0.573170700073242	3.37412170410156	24.6000022888184	847	116.91325378418	47	2007.5
11	28.1791667938232	13.5583324432373	0.584410934448242	3.14537567138672	23.1999988555908	895	115.773246765137	25	2007.5
12	28.0041675567627	14.625	0.5712890625	3.37460174560547	25.6000003814697	794	115.158157348633	23	2009.23657226562
13	27.7541666030884	14.125	0.569556484222412	3.45251602172852	24.7999992370605	778.5	112.834041595459	113	2010
14	28.4125003814697	13.908332824707	0.584383735656738	3.15761199951172	23.8000011444092	808	114.121322631836	125	2010
15	27.2250003814697	8.96666717529297	0.609977378845215	1.60970062255859	14.6999988555908	1815	108.863136291504	21	1996.4482421875
16	27.2083339691162	11.6833333969116	0.608506965637207	1.78641754150391	19.1999988555908	1571	105.568153381348	34	2001.5
17	27.3833332061768	13.0833339691162	0.611370697021484	1.96102157592773	21.4000015258789	1398	106.638298034668	57	2001.5
18	27.0604162216187	12.8375000953674	0.601291809082031	2.20648582458496	21.3500003814697	1273.5	112.017875671387	154	2001.5
19	27.091667175293	13.25	0.594170379638672	2.3695832824707	22.3000011444092	1220	110.803619384766	204	2001.5
20	27.033332824707	13.3666667938232	0.573676681518555	3.09826477050781	23.2999992370605	907	114.862251281738	188	2001.5
21	26.8187503814697	13.6458334922791	0.567395000457764	3.32230026245117	24.0499992370605	863	114.742630004883	130	1999.94506835938
22	26.5083332061768	14.6500005722046	0.567829437255859	3.74880798339844	25.8000011444092	718	119.463134765625	218	2007.96008300781
23	26.279167175293	14.2750005722046	0.551158294677734	3.93587585449219	25.9000015258789	870	125.305107116699	233	2009.5
24	26.7875003814697	14.6750001907349	0.547574653625488	4.17264495849609	26.7999992370605	614	114.905067443848	212	2009.5
34	24.3875007629395	8.22500038146973	0.489583358764648	3.09883575439453	16.7999992370605	948	91.1511001586914	7	1937
35	24.2291660308838	11.125	0.529761924743652	3.45631561279297	20.9999980926514	918	85.6300964355469	63	1944.51940917969
36	23.2041664123535	11.3583335876465	0.533255043029785	3.603310546875	21.3000011444092	690	85.1259613037109	294	1952.92895507812
37	23.3854169845581	12.404167175293	0.534662399291992	3.88500549316406	23.1999988555908	1177.5	112.807704925537	320.5	1955.56097412109
38	23.3958339691162	12.6416664123535	0.522382926940918	4.09985900878906	24.1999988555908	659	78.8858032226562	327	1963
39	22.8583335876465	12.7166662216187	0.508666687011719	4.37782775878906	24.9999980926514	660	82.2134094238281	408	1964.39697265625
40	22.8916664123535	12.966667175293	0.508496704101562	4.55640563964844	25.5000019073486	552	83.6972351074219	459	1971
41	23.5750007629395	13.4416670799255	0.515006370544434	4.57442657470703	26.1000022888184	516	89.9549789428711	434.5	1971.53778076172
42	24.377082824707	14.1624999046326	0.528451499938965	4.57345230102539	26.7999992370605	507	86.0644454956055	320.5	1973.21655273438
43	24.4125003814697	15.2583332061768	0.533508148193359	4.79910614013672	28.5999984741211	463	94.147575378418	286	1974
44	24.0499992370605	15.4333333969116	0.530355110168457	4.98784881591797	29.1000003814697	446	93.7779235839844	318	1974
61	19.9333343505859	12.4499998092651	0.516597480773926	4.25533538818359	24.1000003814697	1036	47.5290107727051	117	1948.68884277344
62	17.970832824707	11.908332824707	0.498256645202637	4.46895660400391	23.8999996185303	869	43.3713798522949	452	1954.6474609375
63	17.908332824707	13.1833333969116	0.519028854370117	4.61232696533203	25.4000015258789	747	46.7267189025879	537	1955.02575683594
64	19.4291667938232	14.091667175293	0.514294395446777	5.01540618896484	27.3999996185303	657	43.8645782470703	361	1957.03442382812
65	19.6666660308838	14.1833333969116	0.504744987487793	5.21284851074219	28.0999984741211	609	46.582218170166	305	1958.501953125
66	19.7958335876465	14.2083330154419	0.500293426513672	5.34672607421875	28.3999996185303	645	45.306209564209	299	1958.36596679688
67	19.9770832061768	15.6041665077209	0.514140377044678	5.52380004882813	30.350001335144	609	43.7707767486572	321	1958.85394287109
68	20.1166667938232	15.1500005722046	0.503322257995605	5.60257019042969	30.1000003814697	582	42.841968536377	317	1971.64392089844
69	16.9375	10.2583332061768	0.479361381530762	4.33002868652344	21.3999996185303	853	43.7717628479004	635	1962.99877929688
70	19.970832824707	13.3416662216187	0.53154052734375	4.39831878662109	25.0999984741211	833	49.641242980957	88	1957.27551269531
71	19.404167175293	13.875	0.552788848876953	4.15317291259766	25.1000003814697	917	50.0291633605957	109	1967.54602050781
72	19.2124996185303	12.2083330154419	0.52622127532959	4.05025939941406	23.1999988555908	1221	47.9202499389648	78	1974
73	19.5708332061768	12.8916664123535	0.541666679382324	4.01607330322266	23.7999992370605	1095	47.0359535217285	27	1977.12707519531
74	22.6875	11.5750007629395	0.519058265686035	3.92110412597656	22.3000011444092	972	68.535758972168	12	1953.88854980469
75	22.5125007629395	12.1083326339722	0.54055061340332	3.8171337890625	22.3999977111816	864	61.7281837463379	28	1953.14575195312
77	21.6916675567627	11.2333335876465	0.512937622070312	3.79699859619141	21.8999996185303	1016	53.0870819091797	50	1942.49609375
79	21.033332824707	13.0666666030884	0.53772289276123	4.11236114501953	24.2999992370605	885	51.3048286437988	116	1941.53540039062
80	20.3291664123535	13.3249998092651	0.535140571594238	4.24935607910156	24.8999996185303	922	47.9095649719238	152	1944.00939941406
81	19.9916667938232	10.8416666984558	0.513823070526123	3.81355697631836	21.0999984741211	1499	49.5435199737549	42	1948.00354003906
82	20.1458339691162	10.5916662216187	0.504365081787109	3.95045776367188	21	1215	49.4059143066406	50	1949.38317871094
83	20.1499996185303	10.9166669845581	0.519841270446777	3.79521240234375	21	1432	41.4140281677246	10	1962.32250976562
84	19.5791664123535	10.4083337783813	0.520416679382324	3.56526550292969	20	1772	42.8504486083984	12	1974.00280761719
85	19.4874992370605	10.0249996185303	0.491421585083008	3.78430511474609	20.3999996185303	1447	42.0636024475098	6	1980
86	19.341667175293	8.66666603088379	0.465949821472168	3.62828735351563	18.5999984741211	1295	40.8777084350586	22	1980
