pop	long	lat	bio2	bio4	bio12	elev	year
1	132.83982	-12.67143	11.6416664123535	1.78076354980469	1515	30	2005.60327148438
2	132.52358	-12.90203	10.9499998092651	2.13811004638672	1454	14	2003.5
3	132.43675	-13.17257	11.9583330154419	1.9902555847168	1364	35	2000.35717773438
4	132.21847	-13.60617	12.7416667938232	2.33044342041016	1286	118	2000.98388671875
5	132.18846	-14.17887	13.1916666030884	2.66709381103516	1031	146	2001.5
6	132.26226	-14.45899	13.6333332061768	2.92087554931641	1017	107	2001.5
7	131.87305	-14.94524	13.4499998092651	3.05624053955078	910	143	2001.546875
8	131.55969	-15.31659	13.6500000953674	3.18918258666992	824.5	166	2007.5
9	131.12966	-15.61462	12.8500003814697	3.23384094238281	824	46	2007.5
10	130.75164	-15.73388	14.0999994277954	3.37412170410156	847	47	2007.5
11	130.48095	-15.66351	13.5583324432373	3.14537567138672	895	25	2007.5
12	129.89823	-15.85217	14.625	3.37460174560547	794	23	2009.23657226562
13	129.39111	-16.00842	14.125	3.45251602172852	778.5	113	2010
14	128.89462	-16.0306	13.908332824707	3.15761199951172	808	125	2010
15	130.83512	-12.44896	8.96666717529297	1.60970062255859	1815	21	1996.4482421875
16	130.96219	-12.82038	11.6833333969116	1.78641754150391	1571	34	2001.5
17	131.10702	-13.23875	13.0833339691162	1.96102157592773	1398	57	2001.5
18	131.45993	-13.58302	12.8375000953674	2.20648582458496	1273.5	154	2001.5
19	131.83395	-13.82217	13.25	2.3695832824707	1220	204	2001.5
20	132.65649	-14.64784	13.3666667938232	3.09826477050781	907	188	2001.5
21	133.13333	-14.92207	13.6458334922791	3.32230026245117	863	130	1999.94506835938
22	133.38538	-16.30738	14.6500005722046	3.74880798339844	718	218	2007.96008300781
23	133.41267	-16.67993	14.2750005722046	3.93587585449219	870	233	2009.5
24	133.46547	-17.23286	14.6750001907349	4.17264495849609	614	212	2009.5
34	146.7624	-19.20771	8.22500038146973	3.09883575439453	948	7	1937
35	146.83909	-19.59025	11.125	3.45631561279297	918	63	1944.51940917969
36	146.6367	-19.87785	11.3583335876465	3.603310546875	690	294	1952.92895507812
37	146.26098	-20.09125	12.404167175293	3.88500549316406	1177.5	320.5	1955.56097412109
38	145.91249	-20.2147	12.6416664123535	4.09985900878906	659	327	1963
39	145.39607	-20.52703	12.7166662216187	4.37782775878906	660	408	1964.39697265625
40	145.02566	-20.76794	12.966667175293	4.55640563964844	552	459	1971
41	144.59992	-20.87143	13.4416670799255	4.57442657470703	516	434.5	1971.53778076172
42	144.20223	-20.84212	14.1624999046326	4.57345230102539	507	320.5	1973.21655273438
43	143.91365	-21.17622	15.2583332061768	4.79910614013672	463	286	1974
44	143.65743	-21.40768	15.4333333969116	4.98784881591797	446	318	1974
61	152.56505	-26.94782	12.4499998092651	4.25533538818359	1036	117	1948.68884277344
62	151.99063	-26.83886	11.908332824707	4.46895660400391	869	452	1954.6474609375
63	151.61591	-26.73808	13.1833333969116	4.61232696533203	747	537	1955.02575683594
64	151.11031	-26.77852	14.091667175293	5.01540618896484	657	361	1957.03442382812
65	150.62436	-26.7354	14.1833333969116	5.21284851074219	609	305	1958.501953125
66	150.18009	-26.65638	14.2083330154419	5.34672607421875	645	299	1958.36596679688
67	149.75827	-26.64402	15.6041665077209	5.52380004882813	609	321	1958.85394287109
68	149.18056	-26.58026	15.1500005722046	5.60257019042969	582	317	1971.64392089844
69	151.9716	-27.58989	10.2583332061768	4.33002868652344	853	635	1962.99877929688
70	152.36054	-27.52243	13.3416662216187	4.39831878662109	833	88	1957.27551269531
71	152.68203	-27.99304	13.875	4.15317291259766	917	109	1967.54602050781
72	152.96363	-28.51105	12.2083330154419	4.05025939941406	1221	78	1974
73	153.04896	-28.87662	12.8916664123535	4.01607330322266	1095	27	1977.12707519531
74	150.50471	-23.40266	11.5750007629395	3.92110412597656	972	12	1953.88854980469
75	150.70627	-23.67735	12.1083326339722	3.8171337890625	864	28	1953.14575195312
77	151.56538	-24.34053	11.2333335876465	3.79699859619141	1016	50	1942.49609375
79	152.05078	-25.50243	13.0666666030884	4.11236114501953	885	116	1941.53540039062
80	152.22934	-26.08946	13.3249998092651	4.24935607910156	922	152	1944.00939941406
81	152.9585	-26.9451	10.8416666984558	3.81355697631836	1499	42	1948.00354003906
82	152.95649	-27.4422	10.5916662216187	3.95045776367188	1215	50	1949.38317871094
83	153.32141	-27.8629	10.9166669845581	3.79521240234375	1432	10	1962.32250976562
84	153.4908	-28.5561	10.4083337783813	3.56526550292969	1772	12	1974.00280761719
85	153.36983	-29.09103	10.0249996185303	3.78430511474609	1447	6	1980
86	153.22656	-29.35268	8.66666603088379	3.62828735351563	1295	22	1980
