k	min_cross	med_cross	max_cross
1	0.799039596761603	0.800558709530121	0.802043697680371
2	0.761889351591652	0.763832855480406	0.764358003406433
3	0.751519003291465	0.753314226821196	0.753392907811652
4	0.742473940627807	0.743993083927384	0.744613536527032
5	0.73688866734858	0.737336107444868	0.738466878852228
6	0.730293045082208	0.731705908128075	0.732160897219268
7	0.727952239571353	0.729186334125299	0.72935199885423
8	0.726515659262567	0.727574947622489	0.72803945239971
9	0.724423668061178	0.72598196616895	0.726510026729718
10	0.722911399959531	0.72426019760605	0.724637185794537
11	0.722225999283136	0.722230452241966	0.722607134463772
12	0.718702781640946	0.720413327125615	0.721128318191149
13	0.719548148763226	0.720185393063283	0.720671546165996
14	0.717176600008364	0.718987475652561	0.719464439404645
15	0.716264688319872	0.718997731773616	0.719611239405821
16	0.716298178737309	0.71730123409097	0.717918624020247
17	0.715055911479194	0.717188834460528	0.717480752208293
18	0.714191499820151	0.716631227445673	0.716740511897845
19	0.714194819027529	0.715120994723975	0.71606713188398
20	0.713057427409826	0.715119561036905	0.715183642645006
21	0.712246290841694	0.714219618530626	0.714369068535688
22	0.711824991642015	0.71355318954648	0.714079238541114
23	0.711274882329731	0.713075888800312	0.714016837806376
24	0.710178608608774	0.712254899179673	0.712530526284134
25	0.710260760906976	0.712086601265757	0.712492073902372
26	0.709870959768186	0.711529721047279	0.712529769991979
27	0.710988308358186	0.71128844016113	0.712477609725385
28	0.709361041592986	0.710709538020313	0.712368209452049
29	0.709240749813096	0.710060201699516	0.710480243797744
30	0.709222183828986	0.709406725120263	0.711225876507939
31	0.707527773492659	0.709911031903795	0.710911209620294
32	0.708304972612463	0.708906284908415	0.709785449566811
33	0.707624703397357	0.710430432758	0.710534859409968
34	0.708492802375877	0.710413433315436	0.710498227681308
35	0.708479562284001	0.709893608449608	0.710104674368957
36	0.708262978738345	0.709765195976667	0.711642891806197
37	0.709209924048073	0.709492668175177	0.709827731234118
38	0.708007353711261	0.709386168793998	0.710118729839855
39	0.708468280991167	0.710288961340906	0.711150668841942
40	0.707913953334025	0.709937099610008	0.710882494553554
